2000000184203
716165177814
2000000215761
716165177777
2000000232225
2000000242293
2000000237800
42404910
2000000216690
42425700
2000000223858
2000000070117
85951815
2024VL099B
2000000086170
2000000109107
2000000211671
2000000076607
2000000082844
2000000047201
30119567
2000000218793
2000000264073
2000000244112
716165299042
2000000215778
716165307563
2000000186467
716165177357
2000000065342
2000000200415
84157072
8414775013547
84157089
8414775017989
8414775022778
84195937
2000000028248
8414775013554
84190369
8414775015749
2000000035055
84157065
2000000262338
2000000262321
