716165179054
716165283935
2000000096735
42238072
42470342
2000000070070
85966789
85952379
716165201397
716165178071
2000000042435
2000000042459
716165201212
2000000070513
2000000042411
2000000058412
2000000080567
716165178019
716165178095
30062092
30108318
2000000047225
2000000107806
30110496
730977041903
8032758544187
8032758544156
8032758544125
2000000045054
2000000045047
2000000045030
716165280293
2000000204109
716165177371
716165174905
5027978771256
8414775017286
8414775013707
84196590
84196941
84196248
2000000107073
2000000071015
8414775015763
2000000163079
8414775018023
